1                   5                   2
1 2                 5 4                 2 4
1 2 3               5 4 3               2 4 6
1 2 3 4             5 4 3 2             2 4 6 8
1 2 3 4 5           5 4 3 2 1           2 4 6 8 10
                                        
1                   5                   1
2 1                 4 5                 1 3
3 2 1               3 4 5               1 3 5
4 3 2 1             2 3 4 5             1 3 5 7
5 4 3 2 1           1 2 3 4 5           1 3 5 7 9
                                        
1                   5                   
2 2                 4 4                 
3 3 3               3 3 3               
4 4 4 4             2 2 2 2             
5 5 5 5 5           1 1 1 1 1           